0.7243460350812861
0.5102774266880783
0.5102774266880783
0.5102774266880783
0.5102774266880783
0.5102774266880783
0.5102774266880783
0.5102774266880783
0.6011540297872053
0.6402893576737442
0.6684485390223184
0.6602495983874372
0.6656339795477195
0.6884172197359846
0.6643445063848606
0.6986047468885691
0.6986047468885691
0.6986047468885691
0.6986047468885691
0.6986047468885691
0.6986047468885691
0.6935596609211232
0.6808978398660586
0.6844617804377994
0.7020200947899441
0.7049411036799195
0.7049411036799195
0.7049411036799195
0.7049411036799195
0.7049411036799195
0.7049411036799195
0.7049411036799195
0.7049411036799195
0.7049411036799195
0.7049411036799195
0.7049411036799195
